  2459465.9550355002       18.1428222656
  2459465.9612957002       14.1179199219
  2459465.9634266999       20.8405761719
  2459465.9655493000       37.4440917969
  2459465.9676778000       17.0288085938
  2459465.9698154000        2.6936035156
  2459465.9762007999        6.5571289062
  2459465.9783210000       -8.2658691406
  2459465.9804551001       16.4919433594
  2459465.9869451998       24.5258789062
  2459465.9890778000       22.5073242188
  2459465.9912081999        9.5947265625
  2459465.9933301001        5.7077636719
  2459465.9954614001       10.4704589844
  2459465.9975804002       16.8666992188
  2459465.9997108001       14.8862304688
  2459466.0018330999       -7.9086914062
  2459466.0039569000       13.4926757812
  2459466.0060764998       10.8337402344
  2459466.0085334000        7.4890136719
  2459466.0106640002       12.8977050781
  2459466.0127842999       22.3159179688
  2459466.0149051999       17.4870605469
  2459466.0170262000       18.9709472656
  2459466.0191702000       14.1428222656
  2459466.0212996998        3.0307617188
  2459466.0234288001       -5.2951660156
  2459466.0255580000       10.3632812500
  2459466.0276791002       12.8361816406
  2459466.0300357002       14.1149902344
  2459466.0321550001        1.1291503906
  2459466.9156840998       12.5742187500
  2459466.9178100000       27.9123535156
  2459466.9199330001       53.9829101562
  2459466.9241762999        2.5900878906
  2459466.9305429002       15.7905273438
  2459466.9348010998       18.6789550781
  2459466.9369215001       17.0209960938
  2459466.9390525999       37.3916015625
  2459466.9411823000       32.9018554688
  2459466.9433142999       22.9743652344
  2459466.9454351999        5.1921386719
  2459466.9475572002       14.0678710938
  2459466.9496770999       29.0434570312
  2459466.9518062999       26.5002441406
  2459466.9539370001       11.3139648438
  2459466.9560606000       22.7119140625
  2459466.9581908002        4.9191894531
  2459466.9603144000        7.0751953125
  2459466.9624347999       22.4785156250
  2459466.9645541999        2.1279296875
  2459466.9666749001        5.7497558594
  2459466.9687967999       10.2861328125
  2459466.9709374001       15.9587402344
  2459466.9730567001       14.1162109375
  2459466.9752023001       12.4360351562
  2459466.9775057998        9.7619628906
  2459466.9796277001       18.6350097656
  2459466.9817575002       29.6538085938
  2459466.9838785999        7.5378417969
  2459466.9860212998       18.2338867188
  2459466.9881569999       -5.7617187500
  2459466.9902940998       15.5913085938
  2459466.9924181998       11.8171386719
  2459466.9945509001        6.7014160156
  2459466.9966754001        5.7172851562
  2459466.9987996002        8.6699218750
  2459467.0009222999        1.6608886719
  2459467.0030426001       26.7211914062
  2459467.0051654000       19.4079589844
  2459467.0072905002       18.5422363281
  2459467.0094129001       17.9379882812
  2459467.0115363998       12.7207031250
  2459467.0136576998       18.9118652344
  2459467.0157790999        0.6137695312
  2459467.0179090002       13.7001953125
  2459467.0200331002        0.9865722656
  2459467.0221588998       10.9025878906
  2459467.0242824000        2.9514160156
  2459467.0264038998        3.9863281250
  2459467.0285395999       12.7092285156
  2459467.0306628002      -11.6906738281
  2459467.0327952998       10.6821289062
  2459467.0349200000       11.0637207031
  2459467.0370511999        8.6384277344
  2459467.0391739001       19.0676269531
  2459467.0418966999        2.1323242188
  2459467.0440321998       16.3325195312
  2459467.0461554001        4.0222167969
  2459467.0482874000        7.6164550781
  2459467.0504116998       10.2917480469
  2459467.0525421998       11.1594238281
  2459467.0546655999        9.2365722656
  2459467.0567895002       10.1174316406
  2459467.0589108998       -6.7421875000
  2459467.0610320000       -6.9201660156
  2459467.0631551999       12.5632324219
  2459467.0652784999        4.2167968750
  2459467.0674005998        2.8981933594
  2459467.0695227999       21.0549316406
  2459467.0716422000        6.7558593750
  2459467.0737629002        1.1079101562
  2459467.0758846002       13.5856933594
  2459467.0780020002       -0.9628906250
  2459467.0801197998        5.9826660156
  2459467.0822565998       10.3015136719
  2459467.0843918002       -3.7624511719
  2459467.0865214998       11.0607910156
  2459467.0886458000       -1.4396972656
  2459467.0907695000       -6.3215332031
  2459467.0928893001       11.8171386719
  2459467.0950193000       -7.1416015625
  2459467.0971408002       -6.3105468750
  2459467.0992752998       -6.6022949219
  2459467.1013936000        4.1113281250
  2459467.1035173000       -5.9653320312
  2459467.1067905999        8.6582031250
  2459467.1089202999        0.1604003906
  2459467.1110443999       -4.3063964844
  2459467.1131903999       10.3339843750
  2459467.1153155002       13.9995117188
  2459467.1174674002       15.5073242188
  2459467.1195920999      -12.6289062500
  2459467.1217220998       -9.2358398438
  2459467.1238444000       -5.8830566406
  2459467.1259651999       -4.4916992188
  2459467.1280895001       -1.9262695312
  2459467.1302112001       -9.0991210938
  2459467.1323322998        0.4680175781
  2459467.1344554001       -7.7919921875
  2459467.1365747000       -1.7495117188
  2459467.1387057002      -18.2048339844
  2459467.1408452000      -21.7585449219
  2459467.1429687999       -9.6408691406
  2459467.1450989000      -22.4328613281
  2459467.1472227001      -16.3261718750
  2459467.1493476001        0.5356445312
  2459467.1514715999       -8.0976562500
  2459467.1535989000      -18.5539550781
  2459467.1557196002      -18.0297851562
  2459467.1578418999      -16.4516601562
  2459467.1599619999      -25.1738281250
  2459467.1620963998       -9.0893554688
  2459467.1642304002      -10.1437988281
  2459467.1663660002      -24.2785644531
  2459467.1727522002      -10.0463867188
  2459467.1748841000      -30.3298339844
  2459467.1770074000      -19.5646972656
  2459467.1791416002        4.3020019531
  2459467.1876349999      -52.8803710938
  2459467.1918914998      -13.5031738281
  2459467.1940226001        4.7456054688
  2459467.1961520999      -22.1174316406
  2459467.1982748001      -18.5393066406
  2459467.2003970998      -21.3547363281
  2459467.2025215998        0.4204101562
  2459467.2046432002       -8.2800292969
  2459467.2067645998       15.0649414062
  2459467.2088883999       -4.8037109375
  2459467.2110074000      -27.4628906250
  2459467.2131300000      -21.8378906250
  2459467.2152526001      -23.3737792969
  2459467.2173758000      -15.4497070312
  2459467.2195048998       -0.7568359375
  2459467.2216293002      -13.0522460938
  2459467.2237530001       -9.2302246094
  2459467.2258731001       -4.8244628906
  2459467.2280027000        1.6306152344
  2459467.2301234999       -0.7431640625
  2459467.2322538998      -17.5239257812
  2459467.2343910001       -1.0832519531
  2459467.2365211998      -18.9733886719
  2459467.2386433999      -18.5263671875
  2459467.2407634002       -6.8630371094
  2459467.2428873000      -27.5874023438
  2459467.2450104998      -14.6508789062
  2459467.2471449999        0.5036621094
  2459467.2492755000        6.0463867188
  2459467.2514132001      -14.6904296875
  2459467.2535448000        7.5139160156
  2459467.9074056000       22.0393066406
  2459467.9095415999       -6.1416015625
  2459467.9116941998       14.9975585938
  2459467.9138586000       21.5119628906
  2459467.9159988998        5.6757812500
  2459467.9181225998        0.4118652344
  2459467.9202477001        8.8552246094
  2459467.9223815999       15.0756835938
  2459467.9245257000       18.0253906250
  2459467.9266504999       -4.3220214844
  2459467.9293014002        6.0288085938
  2459467.9314331999       -1.6916503906
  2459467.9335695999      -18.1574707031
  2459467.9357006000       -2.0722656250
  2459467.9378257999       -4.7646484375
  2459467.9399500000       -1.5344238281
  2459467.9420824000      -14.4501953125
  2459467.9442155999      -12.3837890625
  2459467.9463574002       -4.7836914062
  2459467.9484782000       -6.7629394531
  2459467.9527424001       25.3376464844
  2459467.9707749998       -2.7939453125
  2459467.9729279000      -10.0881347656
  2459467.9772021002       -0.2468261719
  2459467.9793261001       -5.6950683594
  2459467.9814553000        3.8747558594
  2459467.9835895002       -3.6774902344
  2459467.9857140998        5.8225097656
  2459467.9878602000      -11.5358886719
  2459467.9899824001       -5.1203613281
  2459467.9921064000      -14.0004882812
  2459467.9942528000        2.2395019531
  2459467.9963773000        1.5761718750
  2459467.9985091002        4.0791015625
  2459468.0006418000        6.4782714844
  2459468.0027753999       -9.0080566406
  2459468.0049067000        7.5524902344
  2459468.0070304000       -4.5354003906
  2459468.0091614998        3.5756835938
  2459468.0112966001       32.8840332031
  2459468.0134337000       15.4003906250
  2459468.0155691002       11.7155761719
  2459468.0176919000       17.6960449219
  2459468.0240861000       20.5964355469
  2459468.0262137000       -7.8781738281
  2459468.0283460999       10.4350585938
  2459468.0304736998        7.9020996094
  2459468.0325977998        5.0517578125
  2459468.0347397998       21.4099121094
  2459468.0368700000       11.9353027344
  2459468.0390124000        2.9677734375
  2459468.0411357000        5.7365722656
  2459468.0432567000       12.1977539062
  2459468.0453789998        9.5859375000
  2459468.0475075999        6.3132324219
  2459468.0496319998       -7.6938476562
  2459468.0517569999        0.5869140625
  2459468.0538901002        8.7687988281
  2459468.0560137001       -0.4309082031
  2459468.0581445000        9.9555664062
  2459468.0602755002        4.3281250000
  2459468.0623996002        7.7949218750
  2459468.0645285002       11.0146484375
  2459468.0666561001        9.1044921875
  2459468.0687791002       19.5256347656
  2459468.0709012002        2.7866210938
  2459468.0730341999       25.4750976562
  2459468.0751597001       10.9296875000
  2459468.0772799999       17.1198730469
  2459468.0794163998       25.7194824219
  2459468.0815393999       20.0393066406
  2459468.0836614999        7.5471191406
  2459468.0858147000       13.4902343750
  2459468.0879432000       15.3432617188
  2459468.0900679999       13.0432128906
  2459468.0921914000       11.4409179688
  2459468.0943124001       10.9174804688
  2459468.0964519000        8.8239746094
  2459468.0985869998       14.5693359375
  2459468.1007196000        2.0903320312
  2459468.1028437000       -1.7851562500
  2459468.1049743998       12.2268066406
  2459468.1071058000       16.7885742188
  2459468.1092345002       17.3054199219
  2459468.1113625001       15.6403808594
  2459468.1134950002        4.6672363281
  2459468.1156204999       20.5434570312
  2459468.1177437999        7.7961425781
  2459468.1198720001       17.9836425781
  2459468.1220161999       22.1186523438
  2459468.1241563000       10.4719238281
  2459468.1262996001       15.9743652344
  2459468.1284202999       23.0874023438
  2459468.1305502998       17.3388671875
  2459468.1326939999       16.7590332031
  2459468.9187872000       -7.7727050781
  2459468.9222821002       11.0825195312
  2459468.9265712998      -13.2844238281
  2459468.9287139000       10.2509765625
  2459468.9308603001        4.6914062500
  2459468.9329928998       10.0925292969
  2459468.9351264001        6.6306152344
  2459468.9372798000       22.7795410156
  2459468.9394259001        0.8681640625
  2459468.9415652002       12.9128417969
  2459468.9436981999       21.7368164062
  2459468.9458331000       16.4077148438
  2459468.9479664001       17.3945312500
  2459468.9501017001       13.3278808594
  2459468.9522529002        1.5668945312
  2459468.9543967000       26.4536132812
  2459468.9586737002        2.5700683594
  2459468.9608076001       16.8056640625
  2459468.9629402999        3.6147460938
  2459468.9650826999       17.4841308594
  2459468.9672240000       -8.2082519531
  2459468.9693689998        9.8876953125
  2459468.9715028000      -13.6745605469
  2459468.9736354998        1.5390625000
  2459468.9757885002       -1.5466308594
  2459468.9779415000        0.4484863281
  2459468.9800721002       18.1108398438
  2459468.9822128001      -10.9020996094
  2459468.9843430999       -0.8376464844
  2459468.9864767999        6.0908203125
  2459468.9886166998       -1.7011718750
  2459468.9907457000        6.3518066406
  2459468.9928803998      -10.6408691406
  2459468.9950140999       12.2993164062
  2459468.9971546000        6.8720703125
  2459468.9993011001       19.6757812500
  2459469.0014459998       14.3698730469
  2459469.0035858001        1.2849121094
  2459469.0057497001       12.5598144531
  2459469.0085959998       11.8508300781
  2459469.0126558999       20.6875000000
  2459469.0147862998       13.5153808594
  2459469.0180222001       25.8952636719
  2459469.0201627999       17.8447265625
  2459469.0222954000       27.3488769531
  2459469.0244538998       13.8674316406
  2459469.0266002999       18.0034179688
  2459469.0287432000       24.8618164062
  2459469.0309174000       20.1018066406
  2459469.0330850999        6.2026367188
  2459469.0352301002        7.0314941406
  2459469.0373654002       17.4082031250
  2459469.0395061998       19.2773437500
  2459469.0416536001       32.3601074219
  2459469.0437876000       30.6850585938
  2459469.0459328000       23.7563476562
  2459469.0480891000       35.7043457031
  2459469.0502228001       13.7702636719
  2459469.0523799001       18.4509277344
  2459469.0545307002       31.0651855469
  2459469.0566762001       32.9958496094
  2459469.0588218998       23.1335449219
  2459469.0609622998       21.5869140625
  2459469.0631094002       10.9741210938
  2459469.0652661999       22.6589355469
  2459469.0673974999       29.5537109375
  2459469.0695408001       17.9028320312
  2459469.0716777002       24.9958496094
  2459469.0738117001       18.5031738281
  2459469.0759803001       17.2656250000
  2459469.0781327998       14.1821289062
  2459469.0802686000       27.4262695312
  2459469.0824159002       21.4067382812
  2459469.0845639999       17.0031738281
  2459469.0867218999       16.0874023438
  2459469.0888628000       30.8432617188
  2459469.0909918998       29.4274902344
  2459469.0931475000       16.0427246094
  2459469.0952913002       16.5822753906
  2459469.0974249998       20.7402343750
  2459469.0995605998       11.6872558594
  2459469.1017276999       25.5395507812
  2459469.1038684002       32.2453613281
  2459469.1060033999       27.6613769531
  2459469.1081395000       32.2221679688
  2459469.1102927001       19.1384277344
  2459469.1124410001       18.7492675781
  2459469.1145947999       23.5319824219
  2459469.1167505998       17.6469726562
  2459469.1188825001       12.3288574219
  2459469.1210163999       -3.0659179688
  2459469.1231650002       17.4450683594
  2459469.1253212001       17.4658203125
  2459469.1274553002       -0.3486328125
  2459469.1295985999        5.7470703125
  2459469.1317505999       23.7309570312
  2459469.1339153000       22.9492187500
  2459469.1360585000       10.6696777344
  2459469.1382034998       22.3408203125
  2459469.1403335999       16.3320312500
  2459469.1424914999       15.6965332031
  2459469.1446380001        9.6381835938
  2459469.1467956998        7.9077148438
  2459469.1489296001        6.7175292969
  2459469.1510605998       21.3554687500
  2459469.1532015000       16.5581054688
  2459469.1553448001       15.6926269531
  2459469.1575222998       12.8627929688
  2459469.1596634998        9.6257324219
  2459469.1618030998        6.9448242188
  2459469.1639437000        2.7285156250
  2459469.1660803002       19.2067871094
  2459469.1682163002       -8.2922363281
  2459469.1703566001        8.9099121094
  2459469.1724884999       21.7866210938
  2459469.1746248002       13.2822265625
  2459469.1767708999       10.4414062500
  2459469.1789123002        2.5332031250
  2459469.1810452002       22.3776855469
  2459469.1832269998       12.0444335938
  2459469.1853704001       -5.5083007812
  2459469.1875037001        6.9311523438
  2459469.1896683001       17.0925292969
  2459469.1918015000        7.8354492188
  2459469.1939538000       12.5964355469
  2459469.1960868998       -2.0292968750
  2459469.1982280002        7.1574707031
  2459469.8889975999      -18.9301757812
  2459469.8955095001      -18.7011718750
  2459469.8976766001      -10.4291992188
  2459469.8998298999      -25.0976562500
  2459469.9085589000        9.9514160156
  2459469.9128573001        3.5593261719
  2459469.9150588000       -3.1184082031
  2459469.9172169999      -14.3989257812
  2459469.9193731998        7.6975097656
  2459469.9215672002       16.3750000000
  2459469.9302722001       -0.1550292969
  2459469.9324305998       10.0058593750
  2459469.9345860002       12.2316894531
  2459469.9367340002        2.9375000000
  2459469.9432303002        4.1357421875
  2459469.9453766001       -1.2011718750
  2459469.9475384001       25.8007812500
  2459469.9519086001        0.4912109375
  2459469.9540750999       14.5471191406
  2459469.9605820999       23.4804687500
  2459469.9627374001       16.7463378906
  2459469.9648830001       10.4809570312
  2459469.9670798001       14.5766601562
  2459469.9692569999       22.2639160156
  2459469.9714271999       11.3696289062
  2459469.9735936001       31.6176757812
  2459469.9757519001       32.2316894531
  2459469.9779229001       22.2619628906
  2459469.9801109000       40.0737304688
  2459469.9822562998       20.6760253906
  2459469.9844132001       10.6789550781
  2459469.9865898001       15.6381835938
  2459469.9887616001       24.1013183594
  2459469.9909216999       12.2097167969
  2459469.9931076001       10.1342773438
  2459469.9952668999        5.8928222656
  2459469.9974118001       18.1962890625
  2459469.9995704000       -5.4096679688
  2459470.0017538001       18.3527832031
  2459470.0039229998       10.0754394531
  2459470.0060683000       17.5742187500
  2459470.0082236002        3.7285156250
  2459470.0104051000       16.0429687500
  2459470.0125873000        6.8735351562
  2459470.0147541999       25.6037597656
  2459470.0169341001        7.4277343750
  2459470.0190878999        5.5007324219
  2459470.0212556999       10.1567382812
  2459470.0234134998       20.4492187500
  2459470.0255815000       13.8300781250
  2459470.0277676000        7.9211425781
  2459470.0299367001       26.6503906250
  2459470.0321066999       14.9924316406
  2459470.0342784999        1.1806640625
  2459470.0364335999        3.4587402344
  2459470.0385993002       16.9946289062
  2459470.0407827999       24.0756835938
  2459470.0429380001       -1.0600585938
  2459470.0451134001       12.4135742188
  2459470.0472841999       11.9987792969
  2459470.0494605000       21.7304687500
  2459470.0516261999       30.5473632812
  2459470.0538259000       13.8537597656
  2459470.0559856002       -0.5263671875
  2459470.0581446001       18.4479980469
  2459470.0603300999       14.6860351562
  2459470.0624918002       15.9309082031
  2459470.0646688002       -1.6311035156
  2459470.0668620998        0.7756347656
  2459470.0690291999        7.2788085938
  2459470.0711959000       13.8769531250
  2459470.0733808000       -8.5178222656
  2459470.0755455000       -0.4333496094
  2459470.0777159999       22.5083007812
  2459470.0820295000        2.2849121094
  2459470.0841954998       17.6914062500
  2459470.0863580001       24.4431152344
  2459470.0885321000        5.3933105469
  2459470.0906862998       12.7229003906
  2459470.0928437002        5.0434570312
  2459470.0949972002        7.4365234375
  2459470.0971718999       -7.5532226562
  2459470.0993528999       -3.5078125000
  2459470.1015058002       -9.4887695312
  2459470.1036894000       -5.0979003906
  2459470.1058566999       11.4272460938
  2459470.1080021001       -2.2104492188
  2459470.1101735001       13.1511230469
  2459470.1123258001       -2.1613769531
  2459470.1144837001        6.1989746094
  2459470.1241885000       10.8120117188
  2459470.1263652998        1.0656738281
  2459470.1285359999       -2.9855957031
  2459470.1307151001        2.5180664062
  2459470.1328802998       -2.1127929688
  2459470.1350636999       10.5427246094
  2459470.1372616999        2.0007324219
  2459470.1394294002       -4.0302734375
  2459470.1415871000      -13.4274902344
  2459470.1437688000        1.9099121094
  2459470.1459161998      -14.0549316406
  2459470.1480731000       -6.7353515625
  2459470.1502379002        3.0947265625
  2459470.1524012000      -18.8496093750
  2459470.1545548001      -18.0192871094
  2459470.1567146000        4.8234863281
  2459470.1588949002        0.3815917969
  2459470.1610436002      -14.0097656250
  2459470.1631971002      -25.4218750000
  2459470.1653713002       -6.4846191406
  2459470.1675812001      -26.9289550781
  2459470.1697852002      -15.5505371094
  2459470.1741418000        9.7951660156
  2459470.1861935002       10.3405761719
  2459470.1884846999      -10.1357421875
  2459470.1906666001       -8.2770996094
  2459470.1928252000       16.5239257812
  2459470.1949902000        0.4299316406
  2459470.1971577001       -1.7971191406
  2459470.1993245999      -20.2897949219
  2459470.2014946002      -24.1794433594
  2459470.2090166002       -2.5373535156
  2459470.2112052999       -0.8320312500
  2459470.2133590998        9.5200195312
  2459470.2155358000      -17.4079589844
  2459470.2177044000        2.2324218750
  2459470.2198915998      -21.7963867188
  2459470.2220926001      -11.2854003906
  2459470.2242608001       -4.1901855469
  2459470.2329171002       -2.9191894531
  2459470.2350809998        4.3293457031
  2459470.2415813999      -15.9892578125
  2459470.2437375002      -25.2751464844
  2459470.2458895999        1.0495605469
  2459470.2480425001       -5.6992187500
  2459470.2502076998      -15.4343261719
  2459470.2523900000        0.3186035156
  2459470.2545489999        1.9860839844
  2459470.2567277998      -20.1914062500
  2459470.2588940999      -34.8183593750
  2459470.2653692998       -5.6086425781
  2459470.9180401000       10.3779296875
  2459470.9202510002       13.7204589844
  2459470.9233022998       24.4682617188
  2459470.9255196000       17.8256835938
  2459470.9277491998        7.8723144531
  2459470.9321091999       10.5869140625
  2459470.9342819001       27.1464843750
  2459470.9364689998        3.8012695312
  2459470.9386324999       27.2192382812
  2459470.9408678999       13.4047851562
  2459470.9430808001       13.0700683594
  2459470.9452447002       19.7485351562
  2459470.9474800001       -7.3134765625
  2459470.9496677001        5.7861328125
  2459470.9518773002       -1.4152832031
  2459470.9541258998       28.0822753906
  2459470.9563652999       26.2143554688
  2459470.9586220998       39.1765136719
  2459470.9608034999       18.9182128906
  2459470.9630125999       17.4208984375
  2459470.9651775002       14.3784179688
  2459470.9674074999       10.6135253906
  2459470.9696117998        1.5114746094
  2459470.9740757998       11.3007812500
  2459470.9762650998       -2.5927734375
  2459470.9784507998       12.8852539062
  2459470.9806615999       10.0651855469
  2459470.9828410000       -2.1315917969
  2459470.9850400998        8.9655761719
  2459470.9872063999       17.6975097656
  2459470.9893649002        5.5344238281
  2459470.9915417000      -10.1425781250
  2459471.1176016000       25.8630371094
  2459471.1215654002        3.3295898438
  2459471.1238230001       12.6352539062
  2459471.1260682000       15.7912597656
  2459471.1283180001       33.1372070312
  2459471.1305574002        9.1362304688
  2459471.1327927001       25.4519042969
  2459471.1350135002       21.6752929688
  2459471.1372646000       22.1386718750
  2459471.1395156002       24.1613769531
  2459471.1417051000       22.2758789062
  2459471.1439207001       23.5192871094
  2459471.1461319001       30.8754882812
  2459471.1483457000        5.4116210938
  2459471.1506141000       20.5339355469
  2459471.1528241001       14.9245605469
  2459471.1550587998       15.3164062500
  2459471.1573834000        8.3273925781
  2459471.1596092000       22.1757812500
  2459471.1618233998        5.7087402344
  2459471.1641094000       20.8596191406
  2459471.1663099998       12.7170410156
  2459471.1684865002       10.0866699219
  2459471.1706757001       22.6574707031
  2459471.1728534000       29.2297363281
  2459471.1750420998        8.8391113281
  2459471.1794614000       14.6096191406
  2459471.1817445001       18.3657226562
  2459471.1839856999       26.1853027344
  2459471.1861667000       12.3618164062
  2459471.1883342001        0.5656738281
  2459471.1905431999       24.6166992188
  2459471.1927776998       25.8093261719
  2459471.1949851001       20.9477539062
  2459471.1972345999       21.5749511719
  2459471.1994953998       20.9802246094
  2459471.2017196999       33.6730957031
  2459471.2038949002       28.6027832031
  2459471.2061065999       16.6679687500
  2459471.2083275998       32.7998046875
  2459471.2105207001       26.3242187500
  2459471.2127159000       28.7609863281
  2459471.2171882000       18.9284667969
  2459471.2193924999       11.0146484375
  2459471.2216425999       18.4331054688
  2459471.2238659998       25.1936035156
  2459471.2260729000       25.3217773438
  2459471.2283152002       24.0312500000
  2459471.2305879002       28.9438476562
  2459471.2328130002       36.6716308594
  2459471.2349850000       27.5173339844
  2459471.2371948999       41.6721191406
  2459471.2394011002       19.8825683594
  2459471.2415799000       43.1994628906
  2459471.2438039999       49.8173828125
  2459471.2459824998       25.2956542969
  2459471.2482272000       31.3974609375
  2459471.2504805000        5.6506347656
  2459471.2549184002       11.4577636719
  2459471.2593438001       47.5605468750
  2459471.2616261002       58.2155761719
  2459471.9060804001      -27.9277343750
  2459471.9104928998      -13.6396484375
  2459471.9127325998      -20.6130371094
  2459471.9149350999      -20.4143066406
  2459471.9215982999       -0.7619628906
  2459471.9238359998      -26.4084472656
  2459471.9273235002      -12.9865722656
  2459471.9295309000      -12.2763671875
  2459471.9317343002       -8.6757812500
  2459471.9339291998       -9.7507324219
  2459471.9361414001       -3.8142089844
  2459471.9383898000        5.0795898438
  2459471.9406221998      -18.2097167969
  2459471.9428021000      -20.1181640625
  2459471.9450316001       -0.5004882812
  2459471.9472057000       20.2656250000
  2459471.9530794001        5.7189941406
  2459471.9552616999        0.3154296875
  2459471.9574687001        6.2221679688
  2459471.9596632002        9.3352050781
  2459471.9618529999        9.9851074219
  2459471.9640417001       10.1604003906
  2459471.9662706000        6.4829101562
  2459471.9684653999        4.9562988281
  2459471.9706716002       12.9956054688
  2459471.9729089001       17.1755371094
  2459471.9751332998        0.2768554688
  2459471.9772934001       13.0136718750
  2459471.9794878000       11.6755371094
  2459471.9817328001       -0.1809082031
  2459471.9839201001        9.3303222656
  2459471.9860963002       -2.8229980469
  2459471.9882907001       13.0705566406
  2459471.9905095999       -2.7189941406
  2459471.9927432998       -4.1230468750
  2459471.9949216000       -2.9011230469
  2459471.9993258999        3.2753906250
  2459472.0015445999        7.9338378906
  2459472.0037774998       10.4829101562
  2459472.0059909001        6.0815429688
  2459472.0082195001       10.7458496094
  2459472.0104280999       36.7341308594
  2459472.0148299001       15.6647949219
  2459472.0170263001       22.1462402344
  2459472.0192682999       15.6667480469
  2459472.0214912998       17.0039062500
  2459472.0236998000       16.4907226562
  2459472.0259352000       15.1643066406
  2459472.0281397998       29.2307128906
  2459472.0303584998       19.5341796875
  2459472.0325750001       23.3952636719
  2459472.0348105999       13.4726562500
  2459472.0370511999       12.3430175781
  2459472.0392634999       10.9479980469
  2459472.0414628000       12.6401367188
  2459472.0436764001       17.4855957031
  2459472.0458983998       24.2778320312
  2459472.0481465999       34.0283203125
  2459472.0503611998       14.3254394531
  2459472.0525829000       23.6696777344
  2459472.0547579001       13.0676269531
  2459472.0569266002       10.8483886719
  2459472.0591304000       19.0112304688
  2459472.0612969999       30.3532714844
  2459472.0634629000       26.1813964844
  2459472.0656323000       18.8247070312
  2459472.0678412998       25.6013183594
  2459472.0700586000       17.7197265625
  2459472.0722838002       13.7583007812
  2459472.0744514000       22.4638671875
  2459472.0766321002       33.2958984375
  2459472.0788297001       23.9704589844
  2459472.0809980002       15.1555175781
  2459472.0831948998       19.6999511719
  2459472.0853704000        7.7749023438
  2459472.0875583999       33.9692382812
  2459472.0897478000       27.0876464844
  2459472.0919144000        4.0468750000
  2459472.0940549001       -0.9560546875
  2459472.0962375002        7.7805175781
  2459472.0984133999       25.2358398438
  2459472.1005770001       10.8435058594
  2459472.1027580998       16.9863281250
  2459472.1049250001       10.2504882812
  2459472.1071143001       17.3422851562
  2459472.1092885002       14.1440429688
  2459472.1114441999       16.1821289062
  2459472.1136412998       16.3513183594
  2459472.1158481999       11.8808593750
  2459472.1180504002       13.2731933594
  2459472.1202334999       21.3483886719
  2459472.1223909999       17.2875976562
  2459472.1245539999       22.8002929688
  2459472.1267092000       29.8505859375
  2459472.1289026998        2.3007812500
  2459472.1311014001        6.6220703125
  2459472.1333094998       18.0913085938
  2459472.1355327000        8.1523437500
  2459472.1377097000       17.7783203125
  2459472.1399746998       15.0212402344
  2459472.1421655002       18.6223144531
  2459472.1443536999       14.9560546875
  2459472.1465528999       15.4963378906
  2459472.1487639998       -2.0639648438
  2459472.1509556998       19.6962890625
  2459472.1531373002       15.5334472656
  2459472.1553416001        5.0141601562
  2459472.1574984998       13.4851074219
  2459472.1596634001       13.6403808594
  2459472.1618391001       32.9963378906
  2459472.1662232000       12.1000976562
  2459472.1684130002       18.8759765625
  2459472.1706055999        9.3334960938
  2459472.1728190002        2.2998046875
  2459472.1749959998       13.3547363281
  2459472.1771840001       24.1857910156
  2459472.1793640000        3.6889648438
  2459472.1815538001       11.5095214844
  2459472.1837232001       11.9768066406
  2459472.1859212001       25.5954589844
  2459472.1881084000        8.5610351562
  2459472.1902856999       10.4624023438
  2459472.1924610999       27.4753417969
  2459472.1946383002       10.5349121094
  2459472.1968320999       -1.7580566406
  2459472.1990125999       19.4975585938
  2459472.2012204002        6.6564941406
  2459472.2033771998       30.4516601562
  2459472.2076706998       -5.4384765625
  2459472.2098415000       -7.5185546875
  2459472.2120073000       -0.6713867188
  2459472.2141788001      -15.1042480469
  2459472.2186046001        5.0576171875
  2459472.2207869999        6.9631347656
  2459472.2229658002        7.6943359375
  2459472.2251582998       23.4147949219
  2459472.2273714999       12.7685546875
  2459472.2295296001       -7.5366210938
  2459472.2316963002        7.4912109375
  2459472.2338855001        1.4760742188
  2459472.2383041000       12.5515136719
  2459472.2449331000       10.0161132812
  2459472.2471218999       35.5603027344
  2459472.2493046001       23.3864746094
  2459472.2514690999        5.8996582031
  2459472.2536733001       -2.6655273438
  2459472.2558543999      -15.6511230469
  2459472.2580455998        5.0522460938
  2459472.2602502001        5.4719238281
  2459472.8965218002      -13.1303710938
  2459472.8986876002      -31.6372070312
  2459472.9008813002      -20.0112304688
  2459472.9030927001      -34.7802734375
  2459472.9053214001      -39.4287109375
  2459472.9074975001      -28.1357421875
  2459472.9097563000      -37.1618652344
  2459472.9119746001      -16.8264160156
  2459472.9141998002      -26.7697753906
  2459472.9164396999      -34.3273925781
  2459472.9186406001      -11.0754394531
  2459472.9208237999       -3.3898925781
  2459472.9230533000      -17.0300292969
  2459472.9252309999      -30.6086425781
  2459472.9274021001      -16.7084960938
  2459472.9295855998      -18.0886230469
  2459472.9317521998      -18.3325195312
  2459472.9339338001      -12.0332031250
  2459472.9361447999      -11.6398925781
  2459472.9383343998      -26.4965820312
  2459472.9405403999      -18.3842773438
  2459472.9427379002      -25.3369140625
  2459472.9449268999      -20.4829101562
  2459472.9471208001        0.2663574219
  2459472.9493219000      -16.0449218750
  2459472.9515042999       -2.7495117188
  2459472.9537072000        1.9660644531
  2459472.9558998002      -18.8041992188
  2459472.9581204001       -4.5205078125
  2459472.9603566998       -3.8867187500
  2459472.9625085001      -13.4094238281
  2459472.9646631000       -1.4711914062
  2459472.9669014001       -2.5585937500
  2459472.9691010001       22.2106933594
  2459472.9736066000       -2.7402343750
  2459478.8806685000       11.7102050781
  2459478.8827988999       17.2094726562
  2459478.8936044001       20.5761718750
  2459478.8978706002      -21.7988281250
  2459478.9021612001       15.0864257812
  2459478.9042858998       17.6486816406
  2459478.9107092000        6.5971679688
  2459478.9128629998        7.9833984375
  2459478.9150263998        4.7282714844
  2459478.9171793000        3.2438964844
  2459478.9214519998       13.5598144531
  2459478.9236001000       28.0175781250
  2459478.9257683000       33.6875000000
  2459478.9279030999       29.3261718750
  2459478.9300332000       42.3330078125
  2459478.9343234999        6.6655273438
  2459478.9364542002       29.6579589844
  2459478.9385960000       21.9702148438
  2459478.9904691000       26.3649902344
  2459478.9925997001       15.7082519531
  2459478.9947251002       -1.4458007812
  2459478.9968540999      -15.1391601562
  2459479.0032664998       14.5178222656
  2459479.0053937999       19.1230468750
  2459479.0075216000       10.1105957031
  2459479.0096465000       -4.6772460938
  2459479.0117795002        8.4765625000
  2459479.0139094000        9.8669433594
  2459479.0160567001        0.0358886719
  2459479.0181954000       17.2558593750
  2459479.0203415002      -12.0871582031
  2459479.0224716002        1.7272949219
  2459479.0246235002        4.7910156250
  2459479.0267635002        9.1564941406
  2459479.0289006000       -7.4069824219
  2459479.0310379001       11.7587890625
  2459479.0331656002        2.3041992188
  2459479.0353019000       -0.4489746094
  2459479.0374471000       -0.5424804688
  2459479.0715768002      -13.6994628906
  2459479.0736961002       -6.8867187500
  2459479.0758183999      -13.9594726562
  2459479.0779400002      -12.6440429688
  2459479.0800628001      -15.0759277344
  2459479.0821925001       -5.4335937500
  2459479.0843109000       -5.5974121094
  2459479.0864517000       -8.4467773438
  2459479.0885748002      -14.7817382812
  2459479.0907060001       -4.0451660156
  2459479.0928254998       -8.5654296875
  2459479.0949467998      -22.7678222656
  2459479.0970792999        2.3923339844
  2459479.0992033998      -13.7988281250
  2459479.1013309001       -9.9296875000
  2459479.1034534001      -39.2612304688
  2459479.1077001998       -8.8039550781
  2459479.1098286002      -14.1816406250
  2459479.1119507998      -13.8950195312
  2459479.1140798000       -3.7514648438
  2459479.1162112998        3.8242187500
  2459479.1183313001        6.2622070312
  2459479.1204678002      -17.8920898438
  2459479.1225867998      -16.4062500000
  2459479.1247191001      -13.8850097656
  2459479.1268524998      -19.8669433594
  2459479.1289734999       -4.6992187500
  2459479.1310924999      -18.1396484375
  2459479.1332124001      -16.2409667969
  2459479.1353465002      -20.1708984375
  2459479.1374710002      -36.4592285156
  2459479.1417125999      -17.6748046875
  2459479.1438436001      -23.0397949219
  2459479.1459673000      -29.9194335938
  2459479.1480910000      -18.5026855469
  2459479.1565995002      -25.0312500000
  2459479.1587454998      -30.8925781250
  2459479.1608680999       -4.6713867188
  2459479.1672538999       -3.2636718750
  2459479.1693938002       10.2583007812
  2459479.1736619002      -30.4069824219
  2459479.1757938000       -1.5236816406
  2459479.1779247001      -22.2600097656
  2459479.1800453002       -6.1518554688
  2459479.1821785001       -8.3955078125
  2459479.1842980999      -20.1523437500
  2459479.1864272999      -19.8457031250
  2459479.1885575000       -0.6259765625
  2459479.1970839999       -6.2763671875
  2459479.2034503999        1.4182128906
  2459479.2055826001      -10.1103515625
  2459479.2225698000        0.1574707031
  2459479.2246941999       -1.9226074219
  2459479.2268174002       27.2045898438
  2459479.2289379998       17.1755371094
  2459479.2310580998        3.2546386719
  2459479.2331786999       27.6950683594
  2459479.8935431000       17.5068359375
  2459479.8956765002        0.1650390625
  2459479.8978161002      -20.9853515625
  2459479.8999510999       -3.0617675781
  2459479.9020957001        2.5192871094
  2459479.9042264000        2.7490234375
  2459479.9063710002       -1.6323242188
  2459479.9085166999      -17.1403808594
  2459479.9106478002      -31.5546875000
  2459479.9128124998       -4.3901367188
  2459479.9149449999       -7.0979003906
  2459479.9170841998      -21.0722656250
  2459479.9192252001       -4.9035644531
  2459479.9213541001       -4.7895507812
  2459479.9234985998       16.8278808594
  2459479.9256461998       -2.1809082031
  2459479.9277818999       -6.2043457031
  2459479.9299178999        0.4665527344
  2459479.9320465000      -15.2717285156
  2459479.9342008000      -15.4953613281
  2459479.9363410999        3.5961914062
  2459479.9384933999      -13.4636230469
  2459479.9406369999       -5.6311035156
  2459479.9427811000      -16.3984375000
  2459479.9449207000       -7.4104003906
  2459479.9470838001       -3.7062988281
  2459479.9492386999       -2.1789550781
  2459479.9513687999       -7.9511718750
  2459479.9535277998      -35.9990234375
  2459479.9556598999       -9.1794433594
  2459479.9578185002        7.0568847656
  2459479.9599481001      -11.3254394531
  2459479.9620961999       -1.0368652344
  2459479.9642341998      -29.0053710938
  2459479.9664161000      -12.1950683594
  2459479.9685515999       -9.6594238281
  2459479.9707351001       -4.1716308594
  2459479.9728683000      -11.9382324219
  2459479.9750064998      -23.0476074219
  2459479.9771443000      -16.0100097656
  2459479.9793093000      -17.0625000000
  2459479.9814644000      -22.2399902344
  2459479.9836070999      -12.0083007812
  2459479.9857637999       -1.9914550781
  2459479.9879041002      -17.8867187500
  2459479.9900377002      -10.3183593750
  2459479.9921867000      -14.3132324219
  2459479.9943329999       10.7500000000
  2459479.9986159001      -14.1770019531
  2459480.0007493999       -9.2485351562
  2459480.0029358999      -15.5739746094
  2459480.0050769001      -17.9267578125
  2459480.0072189998      -14.3498535156
  2459480.0093784002      -23.8105468750
  2459480.0115060001      -15.3947753906
  2459480.0136675001      -26.0895996094
  2459480.0158132999      -23.1137695312
  2459480.0179623002      -19.4230957031
  2459480.0200993000      -25.0446777344
  2459480.0222402001      -18.6984863281
  2459480.0244045001       -5.6166992188
  2459480.0265370999       -2.6923828125
  2459480.0287000998      -15.4003906250
  2459480.0308393999        6.8713378906
  2459480.0351469000      -30.1044921875
  2459480.0534500000      -12.5048828125
  2459480.0555924000       -7.7883300781
  2459480.0577294002      -36.3608398438
  2459480.0598638998      -15.7727050781
  2459480.0620117998      -23.7658691406
  2459480.0641607000      -15.5556640625
  2459480.0663079000      -24.9641113281
  2459480.0684676999      -18.1928710938
  2459480.0706012002       -8.8576660156
  2459480.0727455001      -17.6445312500
  2459480.0748808002       -9.2492675781
  2459480.0770141999       -6.7368164062
  2459480.0791818998      -10.1022949219
  2459480.0813321001      -16.7734375000
  2459480.0834879000      -17.2976074219
  2459480.0856236001      -18.9458007812
  2459480.0877725999      -16.1909179688
  2459480.0899216002      -31.7966308594
  2459480.0920580998      -17.6145019531
  2459480.0941880001      -20.9863281250
  2459480.0963205001      -19.1149902344
  2459480.0984654999       -4.0634765625
  2459480.1027544001      -16.4145507812
  2459480.1049215999      -11.6691894531
  2459480.1070580999       -6.5493164062
  2459480.1092019998      -17.8723144531
  2459480.1113773999      -33.3281250000
  2459480.1135132001      -14.1713867188
  2459480.1156472000      -19.5227050781
  2459480.1177802002      -31.5644531250
  2459480.1199126001      -19.1989746094
  2459480.1220471999      -16.9816894531
  2459480.1242072000       -7.6933593750
  2459480.1263505998       -5.0173339844
  2459480.1284988001      -18.3139648438
  2459480.1306562000      -26.4501953125
  2459480.1327883000      -11.0061035156
  2459480.1349423002      -14.4067382812
  2459480.1370943999      -17.7993164062
  2459480.1392489001      -13.2976074219
  2459480.1414007000       -1.8671875000
  2459480.1435572002      -15.6938476562
  2459480.1457067002      -10.2321777344
  2459480.1478374000      -16.9672851562
  2459480.1499691000      -22.3481445312
  2459480.1521331999      -27.9245605469
  2459480.1542751002       -8.2934570312
  2459480.1564274998      -30.2004394531
  2459480.1585841002      -21.9794921875
  2459480.1607261002      -19.5773925781
  2459480.1628951998       -6.7182617188
  2459480.1650291001       -4.2304687500
  2459480.1671638000       -7.4716796875
  2459480.1693052999      -25.7048339844
  2459480.1714388998      -31.0295410156
  2459480.1735720998       -7.9875488281
  2459480.1757471999      -13.4299316406
  2459480.1778831999       -5.3024902344
  2459480.1800775002      -17.1452636719
  2459480.1822229000      -15.7402343750
  2459480.1843559998      -11.0734863281
  2459480.1865069000       -8.1677246094
  2459480.1886410001      -12.6608886719
  2459480.1907898001        2.7109375000
  2459480.1929412000       -5.0927734375
  2459480.1950731999       -1.1013183594
  2459480.1972417999      -12.3488769531
  2459480.1993781999      -10.3469238281
  2459480.2015212998      -20.3811035156
  2459480.2036652998      -10.5297851562
  2459480.2058053999       -3.4594726562
  2459480.2079540002       -4.4208984375
  2459480.2100975001        4.1232910156
  2459480.2122513000       -9.4084472656
  2459480.2143923002      -23.4440917969
  2459480.2165462999      -20.7133789062
  2459480.2229851000       15.7026367188
  2459480.2251328998       -6.8337402344
  2459480.2272896999       10.2326660156
  2459480.2294778000       -9.5676269531
  2459480.2338184002       32.0429687500
  2459480.2359900000       26.1152343750
  2459480.2381373001       27.1733398438
  2459480.8778046002       -0.7985839844
  2459480.8820803999      -38.7709960938
  2459480.8842261001      -38.9509277344
  2459480.8863915000      -30.7238769531
  2459480.8885313999      -23.4228515625
  2459480.8906681002      -33.6445312500
  2459480.8928136001      -31.8303222656
  2459480.8949622000      -39.9094238281
  2459480.8971094000      -32.0722656250
  2459480.8992657000      -48.7766113281
  2459480.9014193001      -39.3435058594
  2459480.9035534998      -44.6120605469
  2459480.9057061002      -59.8879394531
  2459480.9078593999      -31.9541015625
  2459480.9099991000      -39.0686035156
  2459480.9121623999      -39.7873535156
  2459480.9142995998      -58.6411132812
  2459480.9164431999      -46.1171875000
  2459480.9185965001      -59.7355957031
  2459480.9207488000      -32.1662597656
  2459480.9229203998      -49.1184082031
  2459480.9250620999      -51.5622558594
  2459480.9272322999      -57.0419921875
  2459480.9293832998      -51.0895996094
  2459480.9315312002      -30.6821289062
  2459480.9337287000      -52.9003906250
  2459480.9358760999      -52.8095703125
  2459480.9380231001      -37.1149902344
  2459480.9401868000      -35.3984375000
  2459480.9423290999      -44.5524902344
  2459480.9444585000      -59.1779785156
  2459480.9466025000      -50.2138671875
  2459480.9487568000      -44.7287597656
  2459480.9508928000      -40.3447265625
  2459480.9530326999      -65.9904785156
  2459480.9551915000      -50.7807617188
  2459480.9573452999      -61.2504882812
  2459480.9594800998      -51.0363769531
  2459480.9616222000      -36.8930664062
  2459480.9637640002      -54.3767089844
  2459480.9659074000      -54.5812988281
  2459480.9680502000      -26.5712890625
  2459480.9701928999      -46.0961914062
  2459480.9723336999      -41.8107910156
  2459480.9744746001      -44.7243652344
  2459480.9766310998      -38.5634765625
  2459480.9787980998      -38.0544433594
  2459480.9809447001      -45.0407714844
  2459480.9831150002      -45.8906250000
  2459480.9852657001      -33.2155761719
  2459480.9874068000      -38.4350585938
  2459480.9895833000      -19.7089843750
  2459480.9917350998      -37.0642089844
  2459480.9938770998      -26.1184082031
  2459480.9960428001      -21.5065917969
  2459480.9981891001      -26.5031738281
  2459481.0003432999      -35.8244628906
  2459481.0024802000      -17.2719726562
  2459481.0046057999      -36.1064453125
  2459481.0067536999      -36.9240722656
  2459481.0088951001      -30.0627441406
  2459481.0110519002      -16.0332031250
  2459481.0131872999      -23.3249511719
  2459481.0153331002      -30.9611816406
  2459481.0174826002      -29.4064941406
  2459481.0196197000      -22.7578125000
  2459481.0217625001       -1.1105957031
  2459481.0239072000      -11.9414062500
  2459481.0260589998      -11.9433593750
  2459481.0282350001      -16.0720214844
  2459481.0303917001       -4.8403320312
  2459481.0325695998       -8.6333007812
  2459481.0347147998       -8.2763671875
  2459481.0368594001      -20.3967285156
  2459481.0390118998       -2.7880859375
  2459481.0411363002      -11.0349121094
  2459481.0432763998      -16.9282226562
  2459481.0454177000      -24.4111328125
  2459481.0475825001       -0.8161621094
  2459481.0497615999      -13.2895507812
  2459481.0519137001        9.2905273438
  2459481.0992112001       -5.6496582031
  2459481.1013507000        5.0019531250
  2459481.1035177000      -11.6770019531
  2459481.1056538001       -3.3569335938
  2459481.1077902000        2.6293945312
  2459481.1099414001        7.5974121094
  2459481.1120890998        4.2807617188
  2459481.1142656002       -2.6772460938
  2459481.1164189000       -5.3203125000
  2459481.1185627999       -9.7062988281
  2459481.1207035999       -6.8183593750
  2459481.1228487999      -10.4165039062
  2459481.1250287001        1.0686035156
  2459481.1271772999       -2.8669433594
  2459481.1293191998      -17.3884277344
  2459481.1336073000        8.6596679688
  2459481.1357590999        2.5795898438
  2459481.1378998002      -15.1462402344
  2459481.1400625999      -16.3840332031
  2459481.1421976001      -16.0197753906
  2459481.1443432998      -14.7436523438
  2459481.1465027002       -5.2480468750
  2459481.1486382000       -2.9375000000
  2459481.1507780999        1.0800781250
  2459481.1529357000       -6.2958984375
  2459481.1551029999       -5.3173828125
  2459481.1572401999       -0.3291015625
  2459481.1593940002       -6.9748535156
  2459481.1615621001       -0.1049804688
  2459481.1637439998      -21.7656250000
  2459481.1658835001      -17.4641113281
  2459481.1680271998      -21.8137207031
  2459481.1701639001       -2.0473632812
  2459481.1723048999      -18.6684570312
  2459481.1744867000      -30.7744140625
  2459481.1766328001      -22.3332519531
  2459481.1787971002      -27.7529296875
  2459481.1809760001      -26.3703613281
  2459481.1831171000      -29.3862304688
  2459481.1852507000       -8.5090332031
  2459481.1874106000      -20.4902343750
  2459481.1895518000        7.8315429688
  2459481.1916864002        0.6518554688
  2459481.1938425000      -14.4394531250
  2459481.1959847999      -22.4418945312
  2459481.1981257000      -16.6457519531
  2459481.2002645000       -1.5351562500
  2459481.2024123999       -5.6523437500
  2459481.2045427002      -33.2158203125
  2459481.2067066999      -19.5893554688
  2459481.2088624001      -15.6533203125
  2459481.2110326001      -16.1745605469
  2459481.2131778002      -38.4621582031
  2459481.2153412998      -27.5395507812
  2459481.2174877999      -23.7226562500
  2459481.2196323001      -19.6542968750
  2459481.2218025001        8.0085449219
  2459481.2239434998       16.0588378906
  2459481.2282284000      -45.1931152344
  2459481.2325682999       12.4707031250
  2459481.8925517998      -48.4833984375
  2459481.8954169000      -40.3845214844
  2459481.8982601999      -41.7897949219
  2459481.9011010001      -62.6088867188
  2459481.9039532002      -46.8825683594
  2459481.9068201999      -46.2551269531
  2459481.9096698998      -31.7873535156
  2459481.9125191998      -54.9243164062
  2459481.9153812001      -34.7846679688
  2459481.9182317001      -52.9470214844
  2459481.9211062999      -35.0642089844
  2459481.9239432998      -26.4345703125
  2459481.9267807999      -47.8144531250
  2459481.9296328002      -31.1809082031
  2459481.9325314998      -38.8427734375
  2459481.9354074998      -22.0686035156
  2459481.9382643001      -40.1884765625
  2459481.9411045001      -37.8276367188
  2459481.9439584999      -29.7683105469
  2459481.9468140001      -45.1501464844
  2459481.9496550998      -39.9365234375
  2459481.9525291999      -31.7890625000
  2459481.9553748001      -28.1811523438
  2459481.9582373002      -19.7563476562
  2459481.9610959999      -25.7443847656
  2459481.9639653000      -28.3349609375
  2459481.9668518002      -28.0314941406
  2459481.9697183999      -22.2939453125
  2459481.9725608998      -23.7387695312
  2459481.9793640999      -23.2050781250
  2459481.9822376999      -18.6093750000
  2459481.9850877002      -25.2529296875
  2459481.9879621002      -24.9863281250
  2459481.9908397002      -11.4411621094
  2459481.9936814001       -1.6186523438
  2459481.9965201998      -16.0803222656
  2459481.9993928000       -7.1831054688
  2459482.0022626999      -20.0146484375
  2459482.0051278002      -23.1682128906
  2459482.0079711000      -21.9313964844
  2459482.0108225001      -25.3305664062
  2459482.0136740999       -5.4453125000
  2459482.0165440999      -23.1435546875
  2459482.0193937998       -7.7951660156
  2459482.0222391998       -6.1484375000
  2459482.0250810999      -10.1621093750
  2459482.0279568001      -15.7880859375
  2459482.0308313002       -9.3112792969
  2459482.0336954002      -10.6555175781
  2459482.0365427998      -18.5771484375
  2459482.0394190000        1.7797851562
  2459482.0422844999        1.4218750000
  2459482.0451614000      -11.9521484375
  2459482.0480084000       -6.3513183594
  2459482.0508530000      -15.7187500000
  2459482.0537184998      -12.9409179688
  2459482.0565863000       -8.7607421875
  2459482.0594617999      -11.4567871094
  2459482.0623110002      -11.6040039062
  2459482.0651886002       -2.5112304688
  2459482.0680447998       -4.5405273438
  2459482.0709194001      -18.8505859375
  2459482.0737843001      -12.0844726562
  2459482.0766858002      -12.0666503906
  2459482.0795179000      -13.0092773438
  2459482.0823650998      -14.8762207031
  2459482.0852154000      -10.6044921875
  2459482.0880761002      -10.2387695312
  2459482.0909401001       -2.1638183594
  2459482.0938089001        2.4106445312
  2459482.0966738998       -0.4116210938
  2459482.0995393000       -2.7756347656
  2459482.1023957999      -19.1262207031
  2459482.1052659000        0.4853515625
  2459482.1081429999       -2.0817871094
  2459482.1109988000       -1.4765625000
  2459482.1138954000        3.0595703125
  2459482.1167581999       -9.6225585938
  2459482.1196448999       -7.6362304688
  2459482.1225117999        5.2272949219
  2459482.1253884002       -5.8813476562
  2459482.1282343999       -7.4255371094
  2459482.1311105001      -10.5837402344
  2459482.1339570000        1.0317382812
  2459482.1368252998       -0.5939941406
  2459482.1396817002      -12.0314941406
  2459482.1425716998       -1.4580078125
  2459482.1454272000        7.2226562500
  2459482.1482723001        0.7905273438
  2459482.1511356002      -10.7524414062
  2459482.1540021999       -9.2421875000
  2459482.1568598002       -8.0839843750
  2459482.1597161000      -25.8920898438
  2459482.1625705999      -10.9287109375
  2459482.1654139999      -19.3481445312
  2459482.1682668999       -1.9096679688
  2459482.1711125001      -20.3269042969
  2459482.1740003000      -14.3574218750
  2459482.1768569001        2.7680664062
  2459482.1797310002       -4.0664062500
  2459482.1825747001      -16.7172851562
  2459482.1854623999        2.8134765625
  2459482.1883063000      -23.9318847656
  2459482.1940279002       -1.6347656250
  2459482.1968695000      -18.1398925781
  2459482.1997270002       -4.8161621094
  2459482.2025919999       -5.2983398438
  2459482.2054360001       10.1975097656
  2459482.2082797000        3.4577636719
  2459482.2111463002       14.7770996094
  2459482.2139915000       -8.3095703125
  2459482.2168919002      -11.0444335938
  2459482.2197370999      -13.5773925781
  2459482.2226237999        1.5661621094
  2459482.2254788000      -11.7148437500
  2459482.8817081000      -33.6640625000
  2459482.8874539998        4.0087890625
  2459482.8903601998      -19.8981933594
  2459482.8932110001        0.7248535156
  2459482.9046626999        4.0405273438
  2459482.9075096999       17.3935546875
  2459482.9132340001      -14.6289062500
  2459482.9160835999       -4.3256835938
  2459482.9189352999       -8.7426757812
  2459482.9217924001       -0.6652832031
  2459482.9246469000      -13.5607910156
  2459482.9275239999      -17.2814941406
  2459482.9304219000      -16.0495605469
  2459482.9332916001       -8.2163085938
  2459482.9447451001       19.4321289062
  2459482.9504869999      -35.7980957031
  2459482.9533453002      -20.7182617188
  2459482.9561842000      -14.2121582031
  2459482.9590757000        7.6196289062
  2459482.9647655999      -20.2145996094
  2459482.9676501998      -38.0834960938
  2459482.9705276000      -12.1245117188
  2459482.9734030999      -13.6049804688
  2459482.9762700000      -17.2529296875
  2459482.9791032998      -29.8288574219
  2459482.9819816998       -1.0095214844
  2459482.9848372000      -29.8393554688
  2459482.9877404999      -14.3684082031
  2459482.9906060002      -42.2849121094
  2459482.9934736998      -29.2375488281
  2459482.9963719998      -34.1315917969
  2459482.9992542998      -22.3437500000
  2459483.0093067000      -21.5119628906
  2459483.0121634998      -13.5056152344
  2459483.0150330001      -28.3613281250
  2459483.0179189001      -20.5683593750
  2459483.0208133999      -14.9150390625
  2459483.0236637001      -27.0214843750
  2459483.0265290001      -20.4301757812
  2459483.0293906000      -24.1799316406
  2459483.0322663998      -10.7001953125
  2459483.0351664000       -8.1154785156
  2459483.0380646000      -21.9919433594
  2459483.0409725001      -31.4682617188
  2459483.0438363999      -20.8183593750
  2459483.0466892002      -30.0747070312
  2459483.0495787002      -26.1159667969
  2459483.0524435001      -24.2497558594
  2459483.0553182000      -26.5686035156
  2459483.0582186999      -14.4794921875
  2459483.0610944000      -26.1599121094
  2459483.0639700000      -14.2817382812
  2459483.0668265000      -21.1318359375
  2459483.0697291000      -35.4326171875
  2459483.0726251998      -33.1752929688
  2459483.0754900002      -32.9724121094
  2459483.0783553999      -28.2841796875
  2459483.0812241999      -13.2233886719
  2459483.0840901998       -9.9614257812
  2459483.0869668000      -19.3227539062
  2459483.0898298002      -25.2919921875
  2459483.0926970998       -0.1569824219
  2459483.0955715999      -17.3645019531
  2459483.0984295998       -9.5905761719
  2459483.1013055001      -13.6555175781
  2459483.1042089998      -31.7780761719
  2459483.1070794999      -23.6813964844
  2459483.1099434998      -24.3745117188
  2459483.1128369998      -16.2912597656
  2459483.1156988000      -12.9609375000
  2459483.1186104999       -1.4572753906
  2459483.1214659000      -14.5527343750
  2459483.1243233001      -38.1875000000
  2459483.1271783998      -36.0646972656
  2459485.9722914998      -18.8354492188
  2459485.9752393002      -16.7875976562
  2459485.9781847000       -7.6015625000
  2459485.9810968000      -16.3469238281
  2459485.9840167002      -32.2275390625
  2459485.9869717001      -29.0498046875
  2459485.9898580001      -20.1491699219
  2459485.9927790002      -17.9836425781
  2459485.9956721999      -11.5219726562
  2459485.9986291002      -17.1884765625
  2459486.0015499000      -18.3708496094
  2459486.0045077000       -5.4704589844
  2459486.0074082999      -20.0310058594
  2459486.0103638000       -5.5422363281
  2459486.0132670002      -13.4831542969
  2459486.0161881000      -11.4377441406
  2459486.0190889002      -14.5009765625
  2459486.0220206999       -3.8293457031
  2459486.0249601002       -7.6440429688
  2459486.0278924000      -10.9116210938
  2459486.0308345002      -33.3107910156
  2459486.0337816002      -25.4101562500
  2459486.0396341002       -5.0908203125
  2459486.0425601001      -15.5083007812
  2459486.0455260999      -11.0505371094
  2459486.0484846998      -19.0529785156
  2459486.0543289999        2.4267578125
